202.31
187.56
180.67
171.67
197.99
189.59
197.29
201.64
201.26
193.43
196.13
192.32
198.87
203.71
207.47
208.37
209.23
210.29
211.58
212.39
204.46
198.03
197.65
195.4
196.63
197.67
210.15
212.28
211.69
210.81
210.62
208.15
206.23
201.48
200.75
194.68
199.6
199.81
199.34
200.24
201.09
202.65
202.2
200.02
203.3
200.84
202.06
198.18
198.6
195.85
197.82
195.05
195.98
200.39
200.89
199.69
200.95
200.39
200.47
204.55
207.19
211.8
212.9
209.31
209.37
210.5
211.77
210.52
207.99
208.48
209.52
209.38
210.54
211.84
213.75
213.5
213.11
213.23
213.4
210.63
208.42
206.94
201.77
202.73
202.3
212.6
219.36
228.65
226.75
229.21
232.89
232.34
231.15
230.45
230.12
225.58
224.47
227.33
226.73
228.87
230.05
232.12
231.7
229.28
238.02
239.32
239.23
237.43
233.9
226.36
229.59
233.62
236.25
237.7
238.54
237.43
245.03
255.59
253.95
251.83
256.38
254.97
253.95
254.15
254.96
256.64
257.53
256.2
255.99
257.57
253.56
244.8
247.19
247.3
248.87
246.98
251.81
261.74
262.27
257.96
259.09
262.32
268.3
268.49
269.19
270.88
269.86
268.54
269.53
269.63
269.26
267.96
269.18
274.99
273.21
272.69
272.16
267.21
267.19
268.31
266.0
271.24
275.66
276.71
277.29
278.59
282.84
285.92
283.88
280.44
278.52
277.63
276.92
278.52
277.77
278.02
273.85
274.35
271.59
271.94
273.41
270.72
272.11
273.55
273.14
273.5
272.82
271.61
270.76
267.01
262.11
260.09
258.8
259.13
260.01
260.81
259.72
257.97
255.29
246.47
247.42
248.12
247.81
255.17
258.03
256.2
258.04
259.24
269.76
269.23
276.23
275.65
277.86
274.62
273.68
275.5
261.73
255.78
263.88
264.35
260.58
264.58
266.18
272.14
274.23
272.95
264.18
264.72
263.75
262.52
260.29
257.46
259.88
260.83
260.81
255.76
250.12
252.82
254.23
249.94
248.96
247.99
251.49
251.64
252.62
252.89
248.8
246.63
253.79
255.63
255.92
