367.25
349.07
340.7
340.0
364.64
350.05
352.47
350.91
350.38
344.19
348.8
343.22
349.91
351.96
360.91
367.72
368.62
370.98
374.98
374.63
380.87
381.06
382.98
384.97
383.99
383.28
395.94
397.4
399.47
404.69
417.13
420.68
417.61
414.03
414.33
407.69
413.1
412.23
413.36
415.09
403.4
412.49
413.91
415.2
416.92
416.26
416.06
412.84
413.68
391.68
401.73
382.68
378.04
376.92
380.12
382.34
387.55
384.95
385.83
386.88
392.1
378.47
379.31
376.93
382.24
373.38
371.43
363.35
366.99
364.18
361.77
366.45
365.79
367.68
372.87
372.46
371.69
370.74
369.47
370.7
364.0
357.69
347.8
338.85
338.74
345.62
338.27
341.05
333.65
338.43
351.07
348.58
354.85
357.24
361.03
353.43
353.43
362.09
363.21
354.91
356.35
353.96
356.7
345.63
348.5
344.31
348.97
358.66
354.06
350.16
350.55
349.36
347.1
352.73
362.07
367.46
365.9
364.08
361.78
353.27
354.16
360.37
359.42
352.75
343.72
351.48
346.74
350.14
348.31
348.77
347.47
337.51
339.32
335.94
330.63
329.23
333.26
343.4
357.55
354.09
354.12
353.52
357.8
359.91
337.86
339.24
340.31
337.47
335.35
335.53
327.35
326.95
328.85
333.22
337.05
333.6
331.11
325.07
324.47
318.11
312.4
324.19
318.73
319.55
317.52
320.13
322.85
322.81
326.78
328.73
346.26
339.12
344.32
343.13
350.43
356.43
351.15
347.89
354.66
355.81
355.86
357.53
352.42
352.98
353.8
353.16
352.51
349.99
333.3
331.56
335.99
338.1
339.04
333.95
327.65
309.93
304.44
304.09
296.12
290.37
294.23
299.73
301.07
304.72
297.42
299.58
291.65
293.25
293.38
271.93
279.71
269.39
268.38
266.9
264.67
257.16
262.5
263.97
260.45
263.17
259.21
258.61
246.68
255.17
257.81
259.04
262.41
260.88
270.99
273.12
281.74
283.62
282.44
275.13
273.71
269.78
249.32
251.86
254.2
246.0
245.99
248.15
247.64
238.87
237.25
240.88
234.84
241.13
243.08
241.37
242.92
