152.1
147.23
148.73
146.08
160.51
154.83
158.85
160.91
158.13
154.96
152.83
149.34
153.37
157.18
160.91
163.29
161.86
161.5
160.34
162.23
165.24
165.48
164.63
152.27
155.21
153.85
159.03
160.34
166.24
164.83
166.85
167.29
164.75
169.47
171.39
169.01
173.38
172.78
172.36
172.25
169.78
167.13
168.81
169.22
174.32
177.23
179.61
178.39
176.57
175.48
177.54
176.83
173.59
167.35
165.64
167.36
171.1
174.04
177.87
176.99
176.51
179.36
180.14
177.16
174.77
177.26
178.3
180.9
182.4
182.69
183.36
184.28
185.52
190.72
191.68
191.08
192.77
193.64
192.99
195.99
197.0
192.43
189.52
195.31
194.88
196.48
196.84
201.64
201.18
203.7
202.57
203.36
204.45
203.83
202.03
199.74
200.17
206.26
208.69
207.48
207.74
211.89
213.05
211.51
230.58
232.14
234.64
233.84
239.61
239.24
240.45
241.05
251.42
251.08
249.51
251.99
254.89
252.54
252.0
247.49
246.24
246.84
244.03
243.22
245.21
246.1
246.12
251.17
246.79
245.13
241.88
237.17
244.31
245.86
251.37
251.54
253.45
256.67
251.0
252.19
253.39
260.16
269.56
268.07
274.8
281.52
281.44
283.73
277.68
284.36
284.95
279.32
290.2
291.34
287.04
278.74
276.6
285.21
284.57
292.59
289.59
299.24
318.04
323.2
319.85
319.69
314.69
315.59
320.19
317.96
321.65
314.23
317.53
320.77
313.48
310.3
309.1
307.51
297.85
303.54
308.39
311.11
315.46
315.45
314.74
314.17
314.33
313.58
315.1
317.1
314.33
322.2
325.78
328.91
332.5
336.19
336.07
332.93
330.11
321.93
328.15
330.61
328.2
333.36
334.76
336.04
338.42
338.29
344.66
340.46
333.11
331.1
322.87
324.17
318.41
311.11
309.15
305.8
302.61
303.73
303.35
314.68
311.47
310.7
312.81
306.93
311.21
306.14
303.35
303.24
300.7
298.09
306.01
306.93
308.42
303.21
301.46
304.42
309.41
306.3
305.73
298.79
299.02
289.2
289.59
280.74
273.76
273.14
286.86
294.9
294.46
