224.1
207.32
211.43
213.82
231.05
223.92
232.88
231.42
229.85
226.38
228.7
225.77
232.28
237.49
241.2
240.13
239.8
241.18
241.18
243.42
248.96
249.01
245.75
245.88
249.91
249.52
256.39
259.31
261.91
263.73
263.8
261.16
261.95
257.37
257.01
257.05
261.56
259.79
260.65
260.29
260.94
262.53
260.51
258.27
261.99
262.99
264.82
264.38
264.47
261.23
266.56
265.73
270.11
271.13
274.36
277.31
280.07
284.69
283.07
285.83
286.33
287.9
293.25
289.25
280.15
280.52
285.51
284.19
286.01
283.88
283.16
287.2
288.56
288.26
288.72
294.0
293.79
295.84
295.5
294.28
296.84
293.48
286.68
291.52
288.66
288.64
284.27
286.07
286.87
290.12
287.83
291.42
287.79
288.82
287.95
289.52
288.76
293.48
292.16
295.79
296.49
298.27
298.61
296.91
296.72
300.99
291.64
290.18
295.08
297.74
302.72
304.05
306.03
306.31
308.85
310.31
311.85
309.53
309.83
310.5
310.53
313.12
312.75
312.49
307.82
304.69
307.14
307.79
306.31
302.66
304.16
299.54
306.59
300.72
304.32
297.2
296.22
301.0
295.76
292.79
293.22
299.09
302.78
303.99
304.14
308.05
309.72
307.96
307.86
310.28
312.01
312.8
315.47
314.2
318.97
308.09
302.25
299.02
298.07
301.91
297.04
296.68
296.66
301.64
306.26
311.67
307.53
306.5
310.73
314.68
313.63
313.79
299.16
308.72
315.95
317.09
318.58
314.13
313.57
311.59
315.79
321.64
324.47
327.69
326.44
322.3
321.97
320.77
324.02
332.54
334.61
326.99
329.79
329.19
324.49
310.9
307.87
309.26
312.47
302.74
302.04
303.63
297.72
301.04
300.31
300.77
306.42
305.89
308.14
314.85
317.27
310.16
322.4
322.1
318.28
310.82
302.64
302.55
307.13
308.78
308.05
310.79
297.67
297.3
303.3
306.13
300.3
297.56
300.26
299.39
293.55
289.48
289.92
288.73
287.52
282.89
283.44
286.16
286.89
287.74
287.97
286.56
289.91
292.4
295.42
291.66
282.84
283.77
294.16
295.38
294.6
