529.97
503.16
514.64
508.86
583.95
544.59
541.88
529.83
519.9
500.75
499.92
483.15
498.72
518.65
531.49
545.57
548.03
552.72
547.29
570.43
595.16
597.41
585.48
594.95
596.15
590.65
637.44
653.99
657.31
641.88
638.35
638.44
635.12
633.52
634.59
625.11
640.32
641.58
643.04
645.48
668.81
664.78
685.81
682.49
695.54
691.9
700.22
691.98
691.2
680.75
700.47
695.6
694.14
680.75
696.89
710.53
707.02
724.39
731.91
736.36
717.53
711.9
717.33
716.67
718.98
731.06
725.54
715.83
719.23
708.73
701.26
699.77
702.63
711.3
703.16
711.91
713.13
711.01
715.95
698.36
693.58
771.63
748.25
774.55
761.67
770.18
760.04
767.5
764.08
788.15
778.25
780.3
783.39
765.57
749.72
745.97
737.37
753.02
751.53
752.33
745.63
749.35
736.97
733.39
735.32
746.9
750.69
750.54
763.91
750.22
749.14
753.82
762.91
777.17
773.9
778.42
776.56
763.88
754.14
759.39
747.66
742.51
742.16
733.15
716.14
725.84
709.37
714.47
711.89
716.64
732.29
704.12
714.51
707.47
716.35
710.88
715.72
730.95
732.05
732.19
732.77
737.13
749.57
750.19
750.41
665.36
647.27
636.65
626.27
634.89
617.91
620.67
630.71
626.03
607.99
608.87
608.44
601.0
596.69
589.33
588.17
593.26
612.03
635.16
632.55
646.87
639.8
646.02
638.53
660.43
672.3
665.69
655.86
649.04
651.62
643.15
646.96
656.59
648.94
663.88
658.21
660.93
664.37
666.98
662.72
658.13
665.38
659.53
649.85
658.23
660.05
648.14
645.51
652.5
641.42
630.55
614.99
620.27
619.72
603.6
612.44
647.08
658.2
671.78
672.39
668.16
737.68
715.89
705.81
691.11
668.42
669.64
660.89
676.64
670.15
668.12
649.25
639.22
638.74
642.67
644.23
655.1
636.7
638.75
653.13
656.45
647.63
653.0
654.52
667.16
660.0
644.31
646.84
653.51
654.3
637.63
613.18
627.45
622.66
615.68
606.7
593.66
604.06
592.92
594.89
547.54
525.72
536.38
572.13
579.23
574.46
