370.28
357.11
355.14
351.87
387.52
378.45
385.5
384.86
382.8
368.79
364.99
356.39
364.03
371.55
384.36
388.87
388.19
391.05
392.26
422.17
431.97
432.86
430.02
430.06
434.84
435.4
445.85
445.73
449.5
450.51
451.65
456.22
455.52
449.96
452.23
447.58
458.03
454.72
456.03
457.7
459.3
460.3
461.19
464.98
467.66
470.02
468.2
469.89
476.1
472.22
476.37
475.28
477.47
474.64
483.19
487.28
489.43
494.58
493.08
494.54
489.21
488.25
495.96
494.85
493.75
500.6
498.58
500.41
500.11
502.9
502.7
508.74
507.1
507.11
502.35
502.95
507.93
510.74
509.54
509.61
510.28
530.42
521.08
532.55
524.7
521.91
517.83
519.02
518.76
526.18
517.57
519.46
517.17
514.11
506.83
502.8
502.15
505.13
502.17
499.96
504.64
507.53
504.59
503.03
503.26
505.87
492.95
496.14
496.35
498.3
498.94
507.79
513.23
506.93
507.91
506.34
515.79
512.32
507.12
508.04
504.93
509.34
512.47
515.81
517.56
513.6
515.21
526.38
521.81
522.68
520.24
508.84
511.92
511.44
511.3
509.49
511.45
514.65
515.52
518.38
518.4
521.44
529.32
539.83
539.31
523.58
515.67
514.89
512.2
505.06
495.04
494.76
503.9
506.57
509.02
501.21
508.07
505.39
491.75
485.1
477.34
471.04
472.92
475.9
484.39
490.89
485.63
488.88
476.64
479.74
482.06
489.9
490.9
477.47
482.37
477.44
473.74
475.31
475.04
482.88
484.81
483.82
485.74
486.91
486.6
485.99
486.37
482.52
471.86
471.77
477.42
482.37
477.02
478.19
476.09
469.6
458.33
455.62
458.81
453.48
443.1
450.11
464.89
469.21
479.49
480.53
432.51
429.31
422.41
410.27
413.25
392.77
400.23
412.66
412.33
403.45
400.92
400.41
395.96
398.69
398.46
397.23
384.47
389.0
400.6
401.72
392.74
398.55
403.93
405.2
410.68
408.96
409.41
405.76
404.88
401.86
395.55
399.95
399.41
391.79
389.02
381.87
383.0
372.74
371.04
365.97
356.77
358.96
370.17
369.37
373.46
