101.78
94.29
97.62
96.28
114.3
107.54
110.9
110.68
112.17
104.47
101.47
96.89
98.87
102.69
106.4
110.98
108.7
108.99
108.89
111.58
114.47
113.79
113.51
117.03
117.34
116.62
122.97
129.9
135.31
134.8
135.37
135.54
134.35
131.77
132.8
131.26
135.47
134.78
139.16
135.1
137.35
141.19
141.89
139.96
141.69
142.6
143.93
142.81
144.98
141.95
144.67
144.1
145.46
143.83
144.15
147.88
154.28
154.99
157.72
157.96
153.27
157.22
159.31
158.21
159.97
162.85
164.07
164.89
164.04
170.67
171.34
172.97
172.38
171.35
167.0
170.75
173.71
173.47
176.72
175.48
179.24
177.84
173.69
179.97
178.23
179.39
180.74
182.67
182.03
183.13
181.56
181.99
180.42
181.98
175.61
175.37
174.95
177.96
179.78
181.74
181.57
180.14
174.15
170.75
170.59
171.63
166.99
168.28
170.73
177.3
177.15
177.8
177.73
174.86
170.27
176.22
176.65
183.59
178.41
176.95
177.67
178.17
181.83
186.56
187.22
188.87
187.6
185.52
185.02
189.09
192.55
183.14
188.3
180.01
179.81
181.79
183.2
182.62
181.14
180.26
182.14
186.24
191.47
201.01
207.02
202.87
202.47
206.86
198.67
195.19
188.06
188.13
199.03
193.14
193.78
186.84
190.15
186.58
181.34
186.5
180.62
178.86
182.53
177.8
180.24
176.98
179.9
181.44
179.57
183.37
182.4
185.54
184.96
183.77
180.92
175.01
176.28
177.71
170.93
174.13
180.98
183.68
189.2
188.6
190.52
188.21
187.53
186.49
188.84
188.11
187.23
189.1
185.03
184.85
184.93
185.8
183.13
187.04
186.22
178.06
183.31
184.83
187.66
186.46
188.51
191.51
192.5
191.12
185.6
180.33
174.18
171.87
185.4
190.03
188.53
190.04
186.93
182.8
184.96
187.97
187.89
189.81
191.54
192.84
195.55
184.88
177.18
182.47
180.04
183.03
183.33
177.81
182.64
184.76
186.03
183.14
180.25
183.22
181.93
180.4
178.56
172.7
175.64
175.2
178.68
171.24
167.52
165.17
174.4
175.75
177.39
