336.87
310.8
310.0
305.98
329.96
322.2
330.92
332.69
333.32
328.87
327.16
317.72
328.94
331.89
333.22
332.68
335.0
338.98
342.93
339.91
345.02
346.05
345.12
347.25
348.66
349.92
353.21
354.08
354.4
360.21
363.01
365.77
364.72
356.23
355.9
351.5
357.22
357.65
360.31
363.08
363.21
363.75
365.87
364.65
368.08
364.54
368.56
371.15
369.25
350.81
353.43
355.77
338.41
336.61
341.76
349.6
343.26
344.03
346.6
353.0
353.42
352.17
356.79
354.58
352.5
355.69
353.82
345.92
348.47
345.01
347.88
347.79
347.03
348.91
349.83
353.24
351.92
354.98
353.42
349.26
348.88
343.47
337.39
340.17
335.48
337.78
330.17
334.83
333.96
335.38
341.17
344.1
343.08
341.36
341.07
342.54
342.3
348.63
347.41
349.76
348.94
348.45
350.36
348.66
349.46
349.58
341.84
340.92
342.6
336.76
342.11
338.06
337.68
338.66
344.8
336.82
340.23
342.97
337.33
337.31
333.58
336.01
338.79
340.0
346.43
344.56
348.43
347.87
351.0
349.94
345.64
342.26
341.92
346.98
344.3
334.05
340.51
343.02
345.81
343.97
344.57
345.98
346.42
345.5
339.9
343.64
339.37
335.54
338.93
338.67
335.6
334.67
333.5
337.55
338.18
335.39
329.34
325.08
320.52
323.45
323.1
327.31
328.62
333.84
333.1
333.75
329.71
328.94
328.93
326.43
330.56
326.17
325.83
325.06
344.92
347.11
346.18
344.4
343.7
345.3
348.53
351.37
352.65
354.41
354.27
353.88
352.89
349.99
345.77
353.07
356.82
355.15
351.51
349.05
342.49
327.21
328.49
327.08
327.62
325.15
324.61
325.69
325.51
327.81
324.59
326.31
331.12
321.17
333.15
328.25
329.27
328.45
330.9
324.91
328.17
329.24
324.18
314.08
319.5
320.3
318.93
320.95
306.52
307.22
312.99
316.7
320.14
320.51
320.83
320.47
319.8
317.36
315.97
314.43
308.96
306.5
307.14
310.11
308.46
299.02
299.71
301.62
304.44
303.76
304.91
305.53
295.52
299.54
302.24
298.51
300.8
